   1500
   9134
   4776
   9531
   4552
   4031
   9319
   4720
   3239
   4897
   9473
    194
   3235
   4547
   3730
   4661
   9997
   8796
   8834
   4909
   3278
    169
   9747
   9001
    563
    469
   3396
   3804
   9667
   9688
   4624
   3298
   3732
   4158
   3394
   4177
   3971
   8911
   3752
   2805
   5004
   3748
   9858
   4506
   8904
   4706
   9730
   9268
   9430
   2966
    472
    346
   2921
    511
   4281
    190
   4536
   3622
   8913
   4345
   4711
   2847
   9163
   4777
    858
   9562
   3864
   2747
   9064
   3655
   3721
     17
   2900
   3885
   3995
   3027
   4762
   4023
   3813
   9820
   4228
   3595
   3016
    225
   3181
   9638
   9496
   4617
   9935
   2676
    621
   8736
   4199
   9435
   4183
   3340
   3080
   2947
   4066
   9532
   2810
     11
    340
   4853
   9231
   3017
   9414
    243
   3670
   4079
   3518
   9551
    611
   4469
   3719
   9365
    183
   3743
   4029
   2940
   3809
   7518
   9313
   3358
   8959
   2893
   9480
   9514
   4209
   4467
   9826
   2789
   3962
   8976
    300
   9029
   1334
   4059
   3830
   4446
   4202
   4637
    426
   8994
   5188
   4409
    341
    247
   4223
   9547
    557
   3514
   9452
   4365
   2897
    643
   4021
   3599
   3416
   9661
    762
   8875
   3390
   3753
   9054
   4405
   3960
   9212
   4002
   3840
    442
   9760
   3495
   9098
   3397
   4375
   8855
   3280
   8944
   3606
   9631
   4378
   3827
   4159
   4076
   9140
   4210
    123
   3242
   3393
   9358
   9431
   4465
   3548
    688
    622
    181
   3025
   4247
   4415
    226
    540
   9748
   9627
   3169
   3681
   3640
   3984
   2990
   4092
   9159
   9350
   3645
    361
   3195
    202
   9854
    420
     62
    155
   3711
   3325
   9483
   9490
    791
    179
   3352
   9008
   3720
    630
   8907
   3448
   3937
    733
   3210
   4080
   4220
    615
   4103
   9526
   3919
    646
     45
   3367
    383
   9107
      6
   3171
    455
    639
   9908
   9259
   9764
   3574
   3400
   9336
   3369
    318
    486
    678
   9539
   9237
   9128
   3354
     28
    574
   3323
   3310
   9465
    623
   3542
   3328
   9945
   9740
   3405
   9194
   9168
   3870
    450
     12
   9169
   7514
   3632
   3661
    434
     29
   9968
   9396
    718
   9599
    748
    463
   9088
   9050
   9696
   9670
   9750
   9957
   9476
    107
   9351
     85
    253
   2627
   9969
   9158
   9900
    164
   9246
   3964
   9953
    217
    680
   9277
   9366
   9448
   9984
   9238
   9646
   9727
    536
    326
   9587
    418
    144
   9574
   3009
    564
   9617
   9188
    610
    580
    168
    577
   9571
    307
    186
    485
   9443
    387
   9462
   9685
   9417
   9341
    219
    141
   9294
    471
    286
   8780
    428
     51
   9910
    412
    389
   8329
   9902
    581
   9769
    197
    375
    549
   9774
    512
   9296
   9441
   9991
   9549
   1744
    573
   9834
   9664
   9454
   9432
   9489
   9927
   9607
    396
    365
    601
   9702
   9686
   9315
   9713
    531
    376
    193
    352
    399
   9823
    102
   9240
   9580
   9687
   9470
    120
   9605
   9269
   9650
    270
   9400
   9952
   9590
    408
   9272
   9970
   5766
   9652
    349
    522
   9337
   3194
    570
   9898
   9348
    562
   5037
   9503
   9458
    261
   9824
   9813
     73
   9310
    177
    298
   9780
   9814
   1768
    119
    345
   9282
   9867
   5552
    266
     30
    524
   9885
   9645
   9759
   9553
   9689
     42
   9436
   9955
   9317
    165
   7906
    467
   9931
    234
   9425
   9558
   9791
   9974
    127
    459
    178
    159
   9757
   9655
   9959
    476
   9464
    330
    410
    449
   9424
   9497
   9591
   9445
    138
   9402
   9967
    586
   9437
    223
    296
    487
   9925
    292
    265
   9586
   9946
     74
   9839
    231
    473
   9886
    468
   9777
    342
    359
    254
    216
    460
    182
   9866
   9815
   9477
    151
    444
   9914
     69
     82
   9692
    277
   9932
   9845
   9546
   9450
   9584
   9881
   9570
   9653
   9527
    180
   9505
     35
   9641
    252
    235
   9951
    218
    447
    297
    416
   9608
    257
   9509
   9535
   9647
   9513
   9921
    335
    154
   9801
   9671
   9733
   9788
   9807
     44
   9995
   9548
    163
   9602
    339
   6054
     80
   9890
   9738
     84
   9636
     54
   9563
   9739
   9980
   9556
   9630
   9600
    316
    380
   9891
    263
    397
   9986
   9804
    293
    303
    264
    101
     13
    211
   9958
    100
   9797
     36
    320
   9809
   9806
   4572
   9776
   9778
   9996
     75
   9632
     63
   8771
   9666
   9837
    325
   9880
    299
   9911
   9879
   9719
   9762
     53
     10
    269
    126
    195
   9758
   9985
    214
   8229
    215
   9860
   9779
    251
   9964
   6902
   9800
     97
     27
   9973
   9218
    136
     16
   2756
   9799
   9999
    176
     71
    205
     60
     65
   9842
   9975
   9998
     57
   9841
    192
      1
   7403
     81
   8088
   9894
    233
   3555
   4135
    167
   9924
   9949
    133
   9135
   9922
     67
    148
   9963
   1430
   9909
   9917
     20
    106
    137
    143
   9937
   9956
   4827
     79
     31
     76
    128
   9498
     55
   9989
   1075
    802
     22
   9363
   9566
   1921
   5144
   1362
   6003
   9855
    734
   3038
   1845
   7993
   9828
   9831
   1067
   3091
   2526
   3824
   4912
   2950
   2204
   6755
   7443
   4397
    848
    398
    942
   1788
   2269
   1877
   9567
   5549
   1236
   2236
   8698
   9847
   6567
   1779
   7467
   9863
   1563
   4434
   9853
   9906
   2425
   1290
   3475
   6739
   9411
    360
   9412
   1536
   9888
   4318
   2013
   9840
   2310
   4878
    184
   7787
   1875
   3065
   9648
   9380
   1593
   5090
   9155
   4786
   5054
   3007
   9346
   4980
   4222
   9545
   6441
   4093
    618
   8392
   9874
    875
   6125
   1340
   5947
    891
    633
   3474
   7900
   8626
   6682
   4006
   7084
   3554
   9712
   6265
   7257
   2048
   9394
   8940
   5339
   6226
   3473
   1366
   3028
   6824
   9552
   8825
   1357
   7156
   9737
   9543
   2266
   2282
   3206
   6225
   1603
   6342
   1654
   6538
   5132
   5390
   5862
   2160
   4788
   8451
   4748
   4280
   3227
   6083
   9066
   4882
   5475
   3254
   2655
   5803
   2326
   8554
   4304
   7691
   3656
   6519
   8239
   3106
   5900
   1158
    953
   7134
   1680
   2273
   9288
   6774
   1044
   2814
   8751
   5736
   6163
   9121
   8204
   9356
   9782
   1447
   8067
   5101
   8588
   7988
    588
   8906
   6246
   5328
   9611
   9507
   4724
   8494
   8881
   7615
   9083
   8430
   7756
   1207
   6776
   6198
    344
   6910
   6540
   8079
   1471
   7171
   5290
   9682
   3756
    229
   8768
   8790
   1689
   1638
   7850
   7665
   3854
   8910
   2819
   7227
   7302
   8695
   1975
   4001
   2685
   6153
   7083
   9084
   8310
   5373
   3901
   8879
   4987
    525
   6313
   9399
   3344
   8724
   6312
   5256
   8085
   2772
   2543
   6807
   2996
   1793
   6230
   4854
   6137
   7564
   1450
   5882
   5843
   3232
   1774
   8164
   7080
   4819
   8819
   4063
   3412
   2422
   1229
   2622
   8059
   8818
   1473
   2053
   9382
   3862
   7707
   4419
   9110
   8128
   5370
   2150
   9541
   7656
   8367
   6790
   9305
   5174
   1866
   2339
   7371
   2573
   9485
   6508
   1035
   4930
   1510
   5788
   8633
   8929
   2712
   2349
   1767
   2639
   5641
   2455
   5442
   4141
   4592
   7451
   4849
   3716
   1512
   6872
   2992
   7931
   6372
   8006
   7974
   8207
   4477
   5385
   1803
   2781
   5634
   9195
   5938
   1622
   7026
   6893
   1390
   8744
   7402
    556
   4855
   5286
   8142
   9251
   3272
   9330
   5177
   7014
   5103
   2891
   8492
   2741
   3682
   4697
   2678
   9227
   6315
   9339
   4646
   7337
   9241
   3921
   6459
   8754
   4115
   6616
   8893
   4033
   7051
   2994
   7161
   8460
   1089
   2206
   2403
   1269
   7311
   8091
   8748
   9019
    897
   7533
   6156
   2207
   2180
   7280
   2474
   6009
    912
   2213
   2079
    381
   4325
   2228
   8435
   8605
   2628
   4086
   4106
   8897
   2165
   2020
   7731
   8704
   5913
   8932
   2792
   3212
   6555
   1955
   6964
   6317
   7671
   5704
   2776
   3366
   8930
   2267
   9192
   7308
   3488
   7700
   4041
   1191
   6654
   2376
   1833
   3125
   6569
   3088
   8730
   3024
   8021
    575
   1102
   4455
   3938
   6021
   3476
   3152
   8885
   6577
   7515
   2794
    481
    781
   6055
   7870
   2912
   2145
   3455
   4709
   9944
     56
   5689
   8764
   6025
    803
   4291
   5795
   2917
   5993
   3803
    113
   6453
   8798
   2229
   8644
   8999
   3526
   3500
   7165
   2277
   6609
   8729
   4695
   4647
   3110
   7149
   1757
   6970
   2680
   6785
   5895
   6909
   5071
   7395
   8449
   9061
   3814
    246
   1239
   8186
    552
   2029
    369
   8772
   9096
   5113
   7043
   5807
   8038
   4584
   8943
   8185
   5420
    350
   8580
   6272
   1907
   5232
   1874
   8641
   3861
   1687
   8564
   2939
   7479
   2952
   3513
   8522
   4533
   8470
   6829
   2119
     94
   7333
   6850
   8861
   8606
   8674
   5020
   8203
   1813
   2728
   7713
   5509
   8846
   6553
   6145
   2799
   3527
   2605
   6689
   6195
   1701
   3362
    185
   1396
   3077
    417
   1709
   8148
   3611
   5180
   7794
   4952
   3949
   6935
   7296
   8590
   6206
   3577
   4279
   8888
   1903
   5929
   8421
   3089
    786
   1497
   7946
   3438
   7287
   7362
   5744
   5533
   1675
   8092
   3775
   4843
   7618
   4852
   3439
   1283
   9093
   2041
   5531
   7175
   1981
   3591
   3935
   5861
   7561
   6686
   3276
   4892
   7048
   7317
   2272
   1057
   2735
    968
   3696
   2219
   7667
   6674
    131
   9184
    796
   3667
   3941
   5374
   7111
   3886
   9895
   2956
   4790
   8110
   1406
   2408
   6673
   2065
   6840
   6958
   6992
   1725
   7608
   3004
   7344
   9620
   8406
   4436
   8784
   3969
   4636
   7567
   6031
   8675
   8868
   1046
   1435
   1931
   1864
   7649
   7063
   1797
   8325
    845
   1584
   7837
   1818
   3496
   6392
   5308
   3124
   3204
   4395
   7394
    902
   8967
   4437
    670
    988
   1313
   6045
   5284
   8146
   3121
   4860
   7908
   4398
   7979
   3183
   5920
   6955
   2087
   3070
   3561
   3868
    778
   1520
   4382
   7544
   3318
   2660
   5426
   2039
   1678
   6390
   3002
   3341
   2721
   7635
   8314
    885
   2927
     39
   8143
   2594
   6946
   8836
   5781
   9752
   2287
   7127
   2942
   2600
   8154
   3787
   2958
   6805
   6356
   7137
   3841
   5336
   7848
    348
   1714
   1123
   4835
   2518
   5488
   6339
   3760
   5522
   5143
   3679
   9372
   8102
   2527
   4263
   7486
    295
   6594
   5987
   7777
   8859
   1042
   2372
   6832
   2205
    445
    785
   5252
   4468
   2012
   5218
   2870
   4406
   4813
   3975
   6987
   6848
   7611
   4632
   3928
   7115
   3749
   1799
    738
   1664
   2427
   6602
   7684
   3093
   4376
     98
   7676
   3839
   5668
   2609
   7668
   1257
   6274
    440
   4792
   4663
   5724
   5956
   4339
   3618
   5742
   3850
   4028
   2620
   2212
   2531
   3623
     61
   1078
   7197
   5705
   5044
   5443
   5518
   3087
   6030
   2687
   2124
   4590
    314
    737
   5652
   6868
   3234
   2515
   3552
   5185
   5241
   4049
   4420
   1508
   5296
   4714
   3129
    857
   9862
   5406
   1786
    568
   5904
   5898
   1488
   5575
   5697
   1968
   6750
   5646
   4767
   5592
   4431
    816
   5953
   1570
    498
   4941
   9635
    750
    911
   5846
    362
   1555
   1323
    638
    879
    388
   1659
    158
     43
   1252
    602
   1235
    818
    406
    840
   1007
    952
    153
    343
    697
   9876
    415
    423
