   1250
   7705
   7758
   8409
   3025
   9432
   7750
   3405
   9098
   3323
   7807
    821
   7387
   9692
   7177
   1604
   1755
   6879
   3310
   7697
   3328
   8873
   1414
   7585
   9911
     15
   1393
   2109
   9470
   9412
   3171
   9553
    665
   1944
   7406
   2789
   1540
   8249
   1993
   2369
   9503
   8452
   9999
   2990
   1782
   9029
   7949
    949
   7718
   1183
   9277
    172
   7647
   8550
   1966
   2192
   2092
   9804
   9964
   9054
   2676
   9591
    228
   1943
   7484
   8122
   8737
   1724
   7761
    699
   8911
    213
   9194
   8454
   9973
   9558
   9341
   2076
    255
   1416
   1352
    328
   2386
    458
   1043
   8904
   2176
    309
   9246
   8766
   2230
   8913
     68
    199
    773
   8306
      4
   9880
   9733
   1335
   8994
   1673
    838
   9998
   1600
   7785
   9168
   7595
    673
    770
   9879
   1331
   7732
   9586
   1359
   9169
   9238
   8608
   9653
   8959
   8031
   9809
   8162
   9458
   1752
    647
   2368
   8814
   9128
   1509
   8834
   9107
   1987
   1543
   1948
   9797
    117
    484
   1015
    448
   9121
   9975
   1617
   9739
   8722
   1702
   8357
   1382
   9806
   1384
   9294
   1060
   8652
   1581
    986
    684
   7970
   1661
   9837
   8533
    847
   8796
   9400
   8712
   1351
   1665
    317
   1778
    955
   1679
   1022
   9641
   8560
   8528
    465
    852
   9296
   1314
    125
   1361
   8205
   8593
   9158
   1278
   8691
    384
    414
    338
   9671
   8403
   8944
   1470
   8323
   1155
   8298
   1154
    904
   8671
   8387
   9008
   9647
   1557
   9497
   9776
   9778
   1138
   9315
   9840
    134
    419
   9584
    728
   1467
   9188
   8592
     33
   1318
   1258
   1241
    640
   9088
   8875
   1009
    553
    926
   9860
   9464
   9570
    493
     37
    806
   1109
    489
    679
   9608
    851
   1054
     83
   8526
    404
    435
   9348
    669
   9425
    849
   8825
   9546
   9337
   8736
   8855
    157
    520
   9380
    110
   9050
    843
    948
   9445
    285
      2
   9636
   8907
   9424
   9527
      7
   9437
   9269
   9310
   9630
    554
   9477
     24
   9602
   9949
   9411
    302
    221
    329
   9240
   9963
   9272
   9402
   9894
   9083
   9762
   9505
   9800
   9535
   9924
   9282
   9842
   9600
   9317
   9758
   9548
   9922
      3
   9841
   9509
   9450
   9719
   9563
   9513
   9799
   9556
   9666
   9632
   9917
   9909
   9956
   9937
   9989
   9545
   9346
   9648
   9853
   9863
   8973
   8698
   8549
   8405
   9023
   9847
   9682
   8906
   9399
   9084
   9382
   8881
   9567
   8329
   9241
   9828
   8123
   9305
   9946
   8674
   9363
   9498
   9541
   8910
   8751
   9485
   9372
   9244
   8229
   8606
   8768
   9110
   9620
   9324
   8392
   8554
   8879
   8029
   9855
   9566
   8451
   9436
   8819
   9195
   9471
   8088
   8929
   8930
   9251
   8724
   9944
   9271
   9330
   9407
   8494
   9339
   9227
   9987
   8695
   9420
   7993
   7973
   9562
   9569
   9972
   8430
   8185
   7906
   7836
   9019
   8038
   7795
   9779
   9738
   7603
   8239
   9752
   9547
   8744
   9895
   9568
   9192
   9618
   8893
   7541
   9965
   8310
   8754
   8932
   7518
   9787
   8897
   7787
   7659
   8204
   9500
   8748
   8818
   7318
   9520
   9775
   7165
   9455
   8633
   9218
   8885
   8367
   8999
   8704
   8079
   7988
   9135
   7054
   9865
   8605
   8492
   8790
   8730
   8764
   9635
   3524
   2917
   3750
   8128
   3207
   8798
   9061
   9141
   7467
   6928
   8207
   8435
   7443
   2912
   8460
   3194
   8729
   9096
   6775
   7756
   2376
   4296
   3938
   2614
   9877
   2756
   2625
   8644
   8943
   4846
   3125
   9577
   2054
   3088
   6555
   8142
   4677
   7257
   4562
   2627
   8772
   3038
   6289
   9940
   6612
   6337
   2165
   3488
   3887
   9817
   8006
   3907
   3009
   3366
   4851
   2079
   4717
   6461
   5178
   3555
   7974
   2404
   7665
   3964
   7615
   9915
   9862
   3212
   5555
   2792
   5958
   5215
   7931
   5577
   2204
   2628
   6902
   4572
   7707
   4106
   4168
   5700
   8861
   7161
   8091
   3475
   1921
   1677
   6616
   8641
   8580
   8449
   3554
   3065
   7337
   1768
   6755
   8588
   4827
   6567
   5188
   7564
   4222
   3474
   8564
   6315
   7134
   8164
   8846
   2994
   8522
   1877
   3028
   6739
   3227
   2236
   5144
   1622
   6682
   9966
   4980
   4318
   1875
   3106
   4434
   8470
   6003
   1512
   4093
   2013
   2814
   5103
   7402
   5549
   5090
   8888
   5177
   2266
   6893
   1803
   9810
   4006
   8626
   8021
   1293
   2282
   3656
   4786
   8059
   2160
   1334
   7371
   3272
   7227
   7656
   4878
   1788
   7083
   6441
   7451
   6125
   7171
   1430
   1779
   8186
   1536
   6342
   6910
   1563
   8085
   8590
   4280
   2326
   6372
   5862
   6265
   2819
   7870
   6225
   6226
   7533
   1654
   7671
   7731
   2639
   3232
   2543
   6776
   7700
   6163
   5132
   7080
   1593
   4477
   1603
   6807
   2455
   2996
   4001
   2685
   8067
   3344
   4788
   6540
   5803
   6083
   4849
   8203
   6198
   5788
   3862
   1473
   2573
   2349
   2150
   8421
   5475
   3412
   4141
   1150
   1866
   5290
   2712
   4063
   7311
   6872
   7280
   1450
   1366
   4930
   1236
   7026
   2339
   5174
   9876
   5328
   1680
   6153
   2622
   7850
   1638
   5882
   1290
   3716
   1975
   6790
   2781
   7302
   8148
   2992
   7515
   9977
   7051
    970
   1075
   6313
   7014
   1793
   2053
   6137
   1357
   2422
   2741
   4419
   5370
   7308
   2891
   4819
   1774
   5843
   4592
   2403
   6508
   3682
   4115
   2678
   9945
   3921
   6230
   1471
   6312
   2206
   5442
   2474
   4855
   4854
   6964
   8092
   7395
   2772
   1689
   5938
   6459
    804
   2207
   5634
   4987
   8406
   5256
   7946
   3024
   4033
   4325
    942
   2776
   4646
   5641
   1767
   5373
   2180
   7713
   5286
   7691
   2228
   7149
   3854
   5385
   3152
   4697
   7794
   2213
   2794
   1510
   4086
   8110
   6156
    802
   7479
   1207
   2267
   3455
   3803
   3476
   3526
   4455
   8325
   6569
   6654
   4041
   3756
   6317
   2020
   2145
   5913
   3500
   3901
   6009
    953
    891
   2680
   6909
   7333
   2229
   1955
   1044
   6970
   3110
   6246
   6785
   6021
   7043
   4291
   1447
   6577
   4709
   1833
   2277
   1229
   6055
   7618
   7900
   5704
   6453
   1158
   6025
   4695
   1390
   6609
   4647
   2939
   8326
   3814
   3513
   5993
   5689
   7667
   5795
   8146
   2952
    618
   7561
   7296
   6850
   2655
   1757
   4724
   8314
    633
   7362
   2029
   3861
   6774
   5736
   4584
   7837
   5071
   5895
   6829
   2728
   2799
   7287
   1269
   7979
   5113
   3527
   4304
   1035
   6272
   7908
   3362
   6519
   2605
   6935
   5900
   7156
   7608
   5807
   8143
   5101
   1907
   6553
   7317
   4533
   5420
   2119
   3089
   1191
   2273
   1874
   3077
   7649
   3577
   5232
   3611
   6689
   7567
   7175
   3949
   8154
   1687
   1813
   3438
   1089
   7344
   5020
   6145
   1102
   5509
    588
   3254
   3775
   7111
   7084
   7048
   3439
    398
   4279
   1701
   6195
   2735
   1903
   3276
    912
   4952
   6206
   8102
   4882
   3591
   1709
   7394
   5180
   3667
   6992
   2956
   7544
   3206
   2272
   3935
   6538
   1981
   6824
   3886
    897
   5390
   4748
   4843
   3696
   2041
   7848
   2219
   6958
   5929
   7635
   7063
   6840
   1239
   6686
   5533
   2408
   3473
   4852
   3004
    360
   3941
   5744
   3007
   6674
    283
   6673
   5531
    525
   1497
   2310
   1396
   1675
   5339
   5861
   4892
   2065
   3124
   3969
   3204
   3496
   4790
   7777
   5374
   1931
   3183
   2048
   1340
   4636
   3121
    875
   7403
   4436
   3070
   6955
    556
    803
   1864
    313
   1725
   3561
   1797
   1818
    781
   4437
   2660
   4395
   7486
    344
   6031
   3318
   4398
   3868
   1283
   6392
   3002
   7514
   3341
   5308
   2087
   7127
   5054
   2927
   1406
   2721
   3091
   5947
   6946
   7137
   2594
   4397
    184
   1584
   7611
   5284
   4860
   4382
   2425
   6045
   1435
   2600
   7684
   2039
   2942
   5920
   2958
   7676
   2526
   6390
   2287
   2950
   6805
   7668
   3787
   3841
   1678
    575
   5426
     58
   2518
   1520
   2527
   1057
   3679
   3760
   2269
   7485
    229
   1313
   3824
   6832
   2372
   6356
   5781
    734
    968
    481
   7115
   2870
   4835
   6594
   4263
   1067
   6987
    552
   2205
   6339
    381
   5336
   5143
   1714
   5488
   1046
    848
    586
   6848
    786
   2012
   4912
   5522
   1845
   4468
   3975
   4135
   5987
   5552
   4406
   2427
   3093
   3928
   3749
    796
   7197
   4813
   5252
   2609
   6602
    988
   5218
   4632
   3839
   4376
   6455
   3618
    369
   2620
   1799
   2880
   2531
   3850
   3279
    902
    845
   1664
   3623
   1441
    350
   5766
   4028
   2212
   4339
   6274
   3087
   4663
   5668
   4792
   1123
   2687
   1362
   6868
    496
   3234
   5956
   5724
   2515
   3552
   3129
   5742
   2124
   6930
    885
   4910
   2617
   4049
     99
    246
    417
    778
   5044
   5705
   4590
   4420
    670
   5443
   1042
   5518
   6030
   1744
   4714
   6054
   5652
   6750
   5185
   5037
   5241
   5296
   1257
   1968
   1786
    113
   4431
   5406
   5904
   1508
   4767
   5898
   5575
     56
   5697
   5646
   5592
   5953
   1488
   4941
    785
   1570
   1078
   5541
   5846
    185
   1555
   1659
     94
   1304
    738
    306
   1211
   1323
   1415
    310
   1295
    131
    857
    737
    445
    348
   1252
    911
    816
    879
    440
   1235
    295
    750
    568
    638
   1007
    583
     39
    952
    498
    818
    741
    840
    314
     95
    602
     98
    362
    388
     61
    697
    406
    650
    158
    343
     43
    153
    415
    423
     13
    165
