    150
    830
    125
    255
    962
    665
    699
    718
    478
    502
     83
     24
    932
    134
    309
    328
    963
     22
    128
    673
    851
      3
    849
    943
    110
    458
    647
    843
    806
    684
    157
    748
    317
    484
    728
    448
    791
    338
    384
    858
    465
    414
    999
    679
    640
    419
    669
    897
    285
    221
    553
    918
    493
    404
    489
    435
    520
    302
    329
    985
    554
    997
    968
    875
    804
    988
    952
    902
    802
    942
    953
    885
    911
    848
    283
    803
    398
    360
    845
    313
    970
    344
    781
    618
    633
    879
    184
    229
    588
    857
    796
    786
    525
    381
    556
    350
    369
    246
    734
    481
    778
    575
    417
    785
    552
    816
    840
    306
    586
    185
    496
    310
    818
    348
     58
     99
    295
    113
    670
    738
    131
    445
    314
    737
    440
    750
     94
    362
    388
    741
     56
    498
    568
    343
    406
    638
    583
    158
     95
     98
    602
    697
    153
    415
    423
    650
    165
     61
     39
     43
     13
