  0.942  0.873 -2.993  1.018  7.254  0.127  0.219  0.295
  0.970  0.921 -3.003  1.006  5.634  0.079  0.181  0.356
  0.971  0.895 -3.015  1.034  4.181  0.105  0.148  0.437
  1.006  0.848 -3.023  1.047  3.145  0.152  0.133  0.511
  1.043  0.873 -3.060  1.053  2.218  0.127  0.108  0.480
  1.038  0.918 -3.019  1.022  1.335  0.082  0.078  0.332
  1.026  0.946 -2.976  0.999  0.576  0.054  0.059  0.283
  1.004  0.981 -2.977  0.993  0.091  0.023  0.043  0.280
  1.002  0.978 -2.976  0.994  0.086  0.024  0.042  0.279
  1.002  0.980 -2.975  0.992  0.081  0.025  0.042  0.282
  1.005  0.977 -2.977  0.993  0.077  0.023  0.041  0.280
