 9.417927E-01  8.728588E-01 -2.992877E+00  1.017800E+00
 9.700625E-01  9.209280E-01 -3.002957E+00  1.005511E+00
 9.713185E-01  8.950247E-01 -3.014801E+00  1.034167E+00
 1.006054E+00  8.479838E-01 -3.023417E+00  1.046772E+00
 1.042832E+00  8.726568E-01 -3.060116E+00  1.053147E+00
 1.038204E+00  9.179391E-01 -3.019446E+00  1.022276E+00
 1.025783E+00  9.457114E-01 -2.975627E+00  9.991621E-01
 1.003734E+00  9.809524E-01 -2.976514E+00  9.930160E-01
 1.002246E+00  9.778163E-01 -2.976398E+00  9.940328E-01
 1.001965E+00  9.799713E-01 -2.975015E+00  9.917296E-01
 1.004865E+00  9.769581E-01 -2.976923E+00  9.931449E-01
