1000
-1.000000 -5.938875
-0.995495 -6.044687
-0.990991 -6.000941
-0.986486 -5.937035
-0.981982 -5.880465
-0.977477 -5.757801
-0.972973 -5.802211
-0.968468 -5.683618
-0.963964 -5.637357
-0.959459 -5.510491
-0.954955 -5.527527
-0.950450 -5.468782
-0.945946 13.931770
-0.941441 -5.456886
-0.936937 -5.412225
-0.932432 -5.224717
-0.927928 -5.249479
-0.923423 -5.227042
-0.918919 -5.197891
-0.914414 -5.028684
-0.909910 -5.103674
-0.905405 -4.920754
-0.900901 -4.987989
-0.896396 -5.019816
-0.891892 -4.959096
-0.887387 -4.902765
-0.882883 -4.732657
-0.878378 -4.747205
-0.873874 -4.701818
-0.869369 -4.639429
-0.864865 -4.540595
-0.860360 -4.599828
-0.855856 -4.627340
-0.851351 -4.574838
-0.846847 -4.414579
-0.842342 -4.362003
-0.837838 -4.461968
-0.833333 -4.383278
-0.828829 12.514112
-0.824324 -4.279609
-0.819820 -4.256542
-0.815315 -4.139656
-0.810811 13.637031
-0.806306 -4.043876
-0.801802 -4.044488
-0.797297 -4.023518
-0.792793 -3.992063
-0.788288 -3.948130
-0.783784 -3.968474
-0.779279 -3.904258
-0.774775 -3.799287
-0.770270 -3.851805
-0.765766 -3.680331
-0.761261 -3.655254
-0.756757 -3.578454
-0.752252 11.366710
-0.747748 -3.522364
-0.743243 10.241329
-0.738739 -3.535099
-0.734234 -3.413910
-0.729730 13.077434
-0.725225 -3.405524
-0.720721 -3.318420
-0.716216 -3.353811
-0.711712 -3.234993
-0.707207 -3.335967
-0.702703 -3.156371
-0.698198 -3.284121
-0.693694 -3.124780
-0.689189 -3.156813
-0.684685 -3.027860
-0.680180 -3.076507
-0.675676 -3.000780
-0.671171 -2.958519
-0.666667 -2.906063
-0.662162 -2.842966
-0.657658 -2.927972
-0.653153 -2.895328
-0.648649 -2.745316
-0.644144 -2.750172
-0.639640 -2.693989
-0.635135 -2.693904
-0.630631 -2.798122
-0.626126 -2.622596
-0.621622 -2.627837
-0.617117 -2.683995
-0.612613 -2.585777
-0.608108 -2.614694
-0.603604 -2.575666
-0.599099 -2.563226
-0.594595 -2.471149
-0.590090 -2.434439
-0.585586 -2.464316
-0.581081 11.772444
-0.576577 12.946828
-0.572072 -2.363755
-0.567568 -2.214134
-0.563063 13.005437
-0.558559 11.176930
-0.554054 -2.140791
-0.549550 -2.112976
-0.545045 -2.114339
-0.540541 -2.152437
-0.536036 -2.121599
-0.531532 -2.131719
-0.527027 -1.947077
-0.522523 -1.988683
-0.518018 -2.054738
-0.513514 -1.991987
-0.509009 -2.021442
-0.504505 -1.929993
-0.500000 -1.883240
-0.495495 11.458676
-0.490991 -1.868680
-0.486486 -1.843371
-0.481982 -1.830329
-0.477477 -1.834964
-0.472973 -1.732907
-0.468468 -1.661777
-0.463964 -1.640880
-0.459459 -1.726279
-0.454955 -1.690181
-0.450450 -1.589991
-0.445946 -1.591427
-0.441441 -1.643450
-0.436937 -1.458528
-0.432432 -1.464884
-0.427928 -1.386854
-0.423423 -1.513005
-0.418919 -1.459120
-0.414414 12.092034
-0.409910 -1.431360
-0.405405 -1.284153
-0.400901 -1.439636
-0.396396 -1.348270
-0.391892 -1.227673
-0.387387 -1.190380
-0.382883 -1.216500
-0.378378 -1.256564
-0.373874 -1.234402
-0.369369 -1.169143
-0.364865 -1.211715
-0.360360 -1.063243
-0.355856 -1.110648
-0.351351 -1.129097
-0.346847 -1.166562
-0.342342 -1.072588
-0.337838 -0.966603
-0.333333 -1.083210
-0.328829 -1.014324
-0.324324 -0.946656
-0.319820 -1.025048
-0.315315 -14.023810
-0.310811 -0.882699
-0.306306 -0.904736
-0.301802 -0.908279
-0.297297 -0.980504
-0.292793 13.683919
-0.288288 -0.803177
-0.283784 -0.909451
-0.279279 -0.881641
-0.274775 -0.826629
-0.270270 -0.717871
-0.265766 -0.735267
-0.261261 14.859945
-0.256757 -0.727739
-0.252252 -0.620501
-0.247748 -0.663933
-0.243243 -0.669191
-0.238739 -0.654023
-0.234234 -0.668356
-0.229730 -0.714186
-0.225225 -0.619309
-0.220721 -0.651919
-0.216216 -0.594571
-0.211712 -0.483199
-0.207207 -0.507865
-0.202703 -0.487568
-0.198198 -0.500134
-0.193694 -0.448428
-0.189189 -0.472060
-0.184685 -0.422366
-0.180180 -0.447862
-0.175676 10.401318
-0.171171 11.963441
-0.166667 -0.386747
-0.162162 -0.448123
-0.157658 -0.393152
-0.153153 -0.380036
-0.148649 -0.353312
-0.144144 -0.381721
-0.139640 -0.251471
-0.135135 -0.285936
-0.130631 -0.302311
-0.126126 -0.220370
-0.121622 -0.278751
-0.117117 -0.238297
-0.112613 -0.254049
-0.108108 -0.338350
-0.103604 -0.230020
-0.099099 -0.230860
-0.094595 -0.192101
-0.090090 -0.216439
-0.085586 -0.252597
-0.081081 -0.093483
-0.076577 -0.247417
-0.072072 -0.209556
-0.067568 -0.184406
-0.063063 -0.172165
-0.058559 -0.194878
-0.054054 -0.042682
-0.049550 -0.104543
-0.045045 -0.181315
-0.040541 -0.001273
-0.036036 0.009725
-0.031532 -0.006154
-0.027027 -0.021247
-0.022523 0.019653
-0.018018 0.003252
-0.013514 -0.075126
-0.009009 -0.115925
-0.004505 0.000695
0.000000 0.058258
0.004505 -0.012309
0.009009 0.037490
0.013514 0.053622
0.018018 0.044639
0.022523 -0.041411
0.027027 10.853690
0.031532 0.060247
0.036036 0.129207
0.040541 0.003584
0.045045 0.180838
0.049550 0.148411
0.054054 0.167390
0.058559 0.044950
0.063063 0.105253
0.067568 0.091179
0.072072 0.109855
0.076577 0.081195
0.081081 0.124799
0.085586 0.134893
0.090090 0.180233
0.094595 0.174093
0.099099 0.103177
0.103604 11.623155
0.108108 0.208672
0.112613 0.124273
0.117117 0.143882
0.121622 0.150399
0.126126 0.298429
0.130631 0.282472
0.135135 0.257426
0.139640 0.288737
0.144144 0.143278
0.148649 0.254690
0.153153 0.311953
0.157658 0.165790
0.162162 0.228165
0.166667 0.266807
0.171171 0.315229
0.175676 0.270564
0.180180 0.348209
0.184685 0.354499
0.189189 0.342460
0.193694 0.339963
0.198198 0.277216
0.202703 0.223729
0.207207 0.386358
0.211712 0.353255
0.216216 0.317863
0.220721 0.323362
0.225225 0.328145
0.229730 0.303757
0.234234 0.256554
0.238739 0.311149
0.243243 0.394378
0.247748 0.310227
0.252252 0.256343
0.256757 0.249466
0.261261 0.288376
0.265766 0.329217
0.270270 10.217297
0.274775 0.280854
0.279279 0.250416
0.283784 0.398836
0.288288 0.338223
0.292793 0.336642
0.297297 0.282143
0.301802 0.297964
0.306306 0.344451
0.310811 0.430137
0.315315 0.448194
0.319820 0.326385
0.324324 12.959217
0.328829 0.437288
0.333333 0.447675
0.337838 0.433206
0.342342 0.465770
0.346847 0.407640
0.351351 0.355889
0.355856 0.278687
0.360360 0.463935
0.364865 0.373554
0.369369 0.303583
0.373874 12.446209
0.378378 0.432541
0.382883 0.355386
0.387387 0.296320
0.391892 12.580395
0.396396 0.372801
0.400901 0.345760
0.405405 10.601487
0.409910 13.426108
0.414414 0.342727
0.418919 0.470840
0.423423 0.294677
0.427928 0.428566
0.432432 0.396099
0.436937 0.474921
0.441441 0.369404
0.445946 0.396895
0.450450 0.404176
0.454955 0.412900
0.459459 0.478507
0.463964 0.433471
0.468468 0.365165
0.472973 0.294361
0.477477 0.281234
0.481982 0.450526
0.486486 0.362259
0.490991 0.339397
0.495495 0.402450
0.500000 0.388201
0.504505 0.457859
0.509009 0.389193
0.513514 0.385776
0.518018 0.278308
0.522523 0.455419
0.527027 0.403968
0.531532 0.404788
0.536036 0.441117
0.540541 14.300915
0.545045 -10.739537
0.549550 0.427375
0.554054 0.392408
0.558559 0.383118
0.563063 12.891276
0.567568 0.418415
0.572072 11.699105
0.576577 0.287359
0.581081 0.409089
0.585586 0.353462
0.590090 0.364503
0.594595 0.291662
0.599099 0.355246
0.603604 0.310923
0.608108 0.348614
0.612613 0.408594
0.617117 -10.398982
0.621622 0.370939
0.626126 13.772008
0.630631 0.286580
0.635135 0.268102
0.639640 0.377872
0.644144 0.335008
0.648649 0.316381
0.653153 0.260763
0.657658 11.687026
0.662162 0.310903
0.666667 0.214393
0.671171 0.250726
0.675676 0.274055
0.680180 0.294855
0.684685 0.347342
0.689189 0.347642
0.693694 0.209824
0.698198 0.193899
0.702703 0.242530
0.707207 0.362714
0.711712 -11.384072
0.716216 0.213336
0.720721 0.308996
0.725225 0.162162
0.729730 0.267008
0.734234 0.244932
0.738739 0.306005
0.743243 13.851809
0.747748 0.300541
0.752252 0.161627
0.756757 0.146054
0.761261 0.214096
0.765766 0.186527
0.770270 0.135565
0.774775 0.139681
0.779279 0.278164
0.783784 0.303737
0.788288 10.271811
0.792793 0.268239
0.797297 0.158698
0.801802 0.128549
0.806306 0.196065
0.810811 0.140479
0.815315 0.083231
0.819820 0.154194
0.824324 14.203817
0.828829 0.202016
0.833333 0.236246
0.837838 0.198685
0.842342 0.235967
0.846847 0.151105
0.851351 0.212642
0.855856 0.144098
0.860360 0.044820
0.864865 14.913472
0.869369 0.221927
0.873874 -12.098397
0.878378 0.183746
0.882883 0.022293
0.887387 0.165800
0.891892 0.144497
0.896396 0.102274
0.900901 14.970977
0.905405 0.032363
0.909910 0.112804
0.914414 0.135028
0.918919 0.050520
0.923423 0.145353
0.927928 0.065850
0.932432 -0.004432
0.936937 0.004863
0.941441 0.030359
0.945946 0.072789
0.950450 0.110953
0.954955 -0.050602
0.959459 0.035908
0.963964 0.011757
0.968468 -0.002657
0.972973 0.051941
0.977477 13.312783
0.981982 0.018307
0.986486 0.067695
0.990991 -0.009773
0.995495 0.096758
1.000000 13.119626
1.004505 -0.075563
1.009009 0.088200
1.013514 -0.103099
1.018018 0.069377
1.022523 0.040126
1.027027 -0.000387
1.031532 -0.026686
1.036036 -0.073784
1.040541 -0.019245
1.045045 0.016425
1.049550 -0.124599
1.054054 -0.103392
1.058559 -0.145574
1.063063 0.024739
1.067568 0.025587
1.072072 -0.089643
1.076577 -0.104077
1.081081 -0.014472
1.085586 -0.111844
1.090090 -0.181313
1.094595 -0.169685
1.099099 -0.010456
1.103604 -0.009070
1.108108 -0.056738
1.112613 -0.076199
1.117117 -0.041011
1.121622 -0.068252
1.126126 -0.030625
1.130631 -0.118213
1.135135 -0.121037
1.139640 -0.046622
1.144144 -0.161862
1.148649 -0.229355
1.153153 -0.165696
1.157658 -0.105568
1.162162 -11.602561
1.166667 -0.219718
1.171171 -0.186199
1.175676 -0.259873
1.180180 -0.099393
1.184685 -0.112578
1.189189 -0.088766
1.193694 -0.200933
1.198198 -0.285824
1.202703 -0.178712
1.207207 -0.227532
1.211712 -0.181382
1.216216 -0.301237
1.220721 -0.221486
1.225225 -0.207738
1.229730 12.176855
1.234234 -0.217917
1.238739 13.831359
1.243243 -0.193604
1.247748 -0.216610
1.252252 -0.289186
1.256757 -0.324061
1.261261 -0.279296
1.265766 -0.219686
1.270270 -0.218549
1.274775 -0.226324
1.279279 -0.269185
1.283784 -0.283075
1.288288 -0.295534
1.292793 -0.229435
1.297297 -0.214490
1.301802 -0.192937
1.306306 -0.309771
1.310811 -0.268867
1.315315 -0.279749
1.319820 -0.357849
1.324324 -0.363787
1.328829 -0.327954
1.333333 -0.355729
1.337838 -0.396169
1.342342 -0.374664
1.346847 -0.215816
1.351351 -0.288125
1.355856 -0.218342
1.360360 10.870164
1.364865 -0.278168
1.369369 -0.298606
1.373874 -0.333740
1.378378 -0.377223
1.382883 -0.277000
1.387387 -0.242664
1.391892 -0.335640
1.396396 -0.390254
1.400901 -0.318676
1.405405 -0.296221
1.409910 -0.262584
1.414414 -0.403663
1.418919 -0.312210
1.423423 -0.315814
1.427928 -0.280885
1.432432 -0.295490
1.436937 -0.323897
1.441441 -0.342765
1.445946 -0.328400
1.450450 -0.427880
1.454955 -0.314721
1.459459 -0.348087
1.463964 -0.372223
1.468468 -0.280018
1.472973 -0.446572
1.477477 -0.388279
1.481982 11.796704
1.486486 -0.466559
1.490991 -0.472188
1.495495 -0.393249
1.500000 11.209374
1.504505 -0.308851
1.509009 -0.420760
1.513514 -0.365617
1.518018 -0.407303
1.522523 -0.415365
1.527027 -0.285967
1.531532 -0.319579
1.536036 -0.299200
1.540541 -0.362677
1.545045 -0.343093
1.549550 -0.438376
1.554054 13.763957
1.558559 -0.324715
1.563063 -0.289092
1.567568 -0.352522
1.572072 -0.458193
1.576577 -0.295317
1.581081 -0.307999
1.585586 -11.645914
1.590090 -0.345383
1.594595 -0.298686
1.599099 -0.452501
1.603604 -0.366460
1.608108 -0.297759
1.612613 -0.294016
1.617117 -0.373725
1.621622 14.010055
1.626126 -0.346127
1.630631 -0.368428
1.635135 11.943981
1.639640 -0.362246
1.644144 10.668832
1.648649 -0.402532
1.653153 -0.450650
1.657658 -0.362343
1.662162 -0.327097
1.666667 -0.404455
1.671171 -0.414648
1.675676 -0.432380
1.680180 -0.423604
1.684685 -0.383704
1.689189 -0.415749
1.693694 -0.309466
1.698198 -0.345007
1.702703 -0.261376
1.707207 14.348233
1.711712 -0.423726
1.716216 -0.329216
1.720721 -0.336319
1.725225 -0.322927
1.729730 -0.424326
1.734234 -0.422023
1.738739 -0.306845
1.743243 -0.243609
1.747748 -0.257929
1.752252 -0.316935
1.756757 -0.379869
1.761261 -0.375552
1.765766 -0.236626
1.770270 -0.303972
1.774775 -0.304277
1.779279 -10.327140
1.783784 -0.267285
1.788288 -0.368054
1.792793 -0.222977
1.797297 -0.212196
1.801802 -0.203116
1.806306 -0.353112
1.810811 -0.324166
1.815315 -0.314046
1.819820 -0.278812
1.824324 -0.293743
1.828829 -0.219803
1.833333 -0.173464
1.837838 -0.301891
1.842342 -0.313066
1.846847 10.422395
1.851351 -0.236355
1.855856 -0.245667
1.860360 -0.303997
1.864865 -0.270934
1.869369 14.011191
1.873874 -0.122510
1.878378 -0.296266
1.882883 -0.173277
1.887387 -0.211740
1.891892 -0.104663
1.896396 -0.168758
1.900901 -0.175936
1.905405 -0.079131
1.909910 -0.246822
1.914414 -0.197168
1.918919 -0.193449
1.923423 14.863315
1.927928 -0.086856
1.932432 -0.167637
1.936937 -0.045793
1.941441 -0.143795
1.945946 -0.120707
1.950450 -0.030147
1.954955 -0.064423
1.959459 -0.039426
1.963964 -0.068461
1.968468 -0.080733
1.972973 -0.014386
1.977477 -0.002020
1.981982 -0.059450
1.986486 -0.047133
1.990991 -0.104666
1.995495 -0.062469
2.000000 -0.068584
2.004505 0.019702
2.009009 -0.078830
2.013514 12.761222
2.018018 -0.026124
2.022523 0.083466
2.027027 -0.033380
2.031532 0.087974
2.036036 0.010863
2.040541 0.092992
2.045045 0.139320
2.049550 0.195583
2.054054 0.020378
2.058559 0.222100
2.063063 0.099897
2.067568 0.100517
2.072072 0.193038
2.076577 0.079233
2.081081 0.181819
2.085586 0.224545
2.090090 0.229469
2.094595 0.302582
2.099099 0.285015
2.103604 0.223620
2.108108 0.257424
2.112613 0.323217
2.117117 0.266404
2.121622 0.235369
2.126126 0.258012
2.130631 0.242315
2.135135 14.872691
2.139640 0.383433
2.144144 0.265435
2.148649 0.383009
2.153153 0.418712
2.157658 0.338922
2.162162 0.431686
2.166667 0.486318
2.171171 0.488164
2.175676 0.409420
2.180180 0.479085
2.184685 0.502688
2.189189 0.462281
2.193694 0.541909
2.198198 0.555563
2.202703 0.456699
2.207207 0.491954
2.211712 0.549731
2.216216 0.516898
2.220721 0.630697
2.225225 0.559756
2.229730 0.726048
2.234234 0.707568
2.238739 0.595815
2.243243 0.650985
2.247748 0.620597
2.252252 0.711854
2.256757 0.720825
2.261261 0.682748
2.265766 0.789699
2.270270 0.845850
2.274775 0.701474
2.279279 0.810109
2.283784 0.885432
2.288288 0.851535
2.292793 0.933839
2.297297 0.979319
2.301802 12.178415
2.306306 0.961068
2.310811 0.995412
2.315315 13.793234
2.319820 13.495450
2.324324 0.991811
2.328829 1.091759
2.333333 14.449248
2.337838 1.053479
2.342342 1.119358
2.346847 1.095287
2.351351 1.146589
2.355856 1.052205
2.360360 1.198470
2.364865 1.277679
2.369369 1.220837
2.373874 14.083957
2.378378 1.167906
2.382883 1.341363
2.387387 1.260857
2.391892 1.349969
2.396396 1.397468
2.400901 1.421660
2.405405 1.376825
2.409910 1.393657
2.414414 1.406634
2.418919 1.414779
2.423423 1.471654
2.427928 1.575224
2.432432 1.430145
2.436937 1.509601
2.441441 1.484167
2.445946 1.558878
2.450450 1.561245
2.454955 1.567500
2.459459 1.650796
2.463964 1.583321
2.468468 1.702658
2.472973 1.745495
2.477477 1.658225
2.481982 1.688070
2.486486 1.757058
2.490991 1.844499
2.495495 1.920978
2.500000 -12.955232
2.504505 1.938643
2.509009 1.842024
2.513514 11.777880
2.518018 1.957360
2.522523 2.014704
2.527027 2.100806
2.531532 13.364377
2.536036 12.400616
2.540541 2.071057
2.545045 2.060324
2.549550 2.189160
2.554054 2.131607
2.558559 2.326427
2.563063 2.327536
2.567568 2.198778
2.572072 2.351684
2.576577 2.381922
2.581081 -12.579958
2.585586 2.479004
2.590090 2.482299
2.594595 2.534062
2.599099 2.507494
2.603604 2.478847
2.608108 10.301737
2.612613 -11.774634
2.617117 10.111567
2.621622 2.584713
2.626126 2.576575
2.630631 2.619051
2.635135 2.806863
2.639640 2.693042
2.644144 2.728632
2.648649 2.792388
2.653153 2.930572
2.657658 2.831681
2.662162 2.947261
2.666667 2.906323
2.671171 14.048433
2.675676 2.964456
2.680180 14.582382
2.684685 3.042597
2.689189 3.170151
2.693694 3.077676
2.698198 3.177388
2.702703 3.264782
2.707207 3.259712
2.711712 3.337857
2.716216 3.420473
2.720721 3.411418
2.725225 3.421645
2.729730 3.479496
2.734234 3.571129
2.738739 3.533107
2.743243 3.579495
2.747748 3.677008
2.752252 3.568175
2.756757 3.595986
2.761261 3.716642
2.765766 3.762122
2.770270 3.687081
2.774775 3.827879
2.779279 14.677093
2.783784 3.860411
2.788288 3.943997
2.792793 3.870355
2.797297 4.005453
2.801802 -12.854353
2.806306 4.161111
2.810811 4.033678
2.815315 -12.510857
2.819820 4.108522
2.824324 4.214659
2.828829 4.190023
2.833333 4.234165
2.837838 4.377355
2.842342 4.494886
2.846847 4.425004
2.851351 4.506518
2.855856 13.985980
2.860360 4.675106
2.864865 4.647190
2.869369 4.588200
2.873874 4.695611
2.878378 4.744599
2.882883 4.843072
2.887387 4.870863
2.891892 4.895975
2.896396 4.870086
2.900901 4.880754
2.905405 5.006376
2.909910 4.981911
2.914414 5.085050
2.918919 5.181450
2.923423 5.272734
2.927928 5.261292
2.932432 5.351342
2.936937 11.863988
2.941441 5.443252
2.945946 5.467913
2.950450 5.489490
2.954955 -14.248069
2.959459 5.561545
2.963964 5.671083
2.968468 5.702858
2.972973 5.644799
2.977477 5.793246
2.981982 -13.111353
2.986486 5.891670
2.990991 5.984205
2.995495 5.914849
3.000000 5.914531
3.004505 6.081502
3.009009 10.614885
3.013514 6.163319
3.018018 6.235244
3.022523 6.334795
3.027027 6.294739
3.031532 6.293950
3.036036 11.581937
3.040541 6.480140
3.045045 6.463790
3.049550 6.570102
3.054054 6.693431
3.058559 12.966614
3.063063 6.793480
3.067568 6.675328
3.072072 6.892889
3.076577 6.904304
3.081081 6.874444
3.085586 7.053409
3.090090 7.046048
3.094595 7.093648
3.099099 14.234593
3.103604 11.491999
3.108108 7.236155
3.112613 7.348150
3.117117 7.318015
3.121622 7.511708
3.126126 7.439901
3.130631 7.637437
3.135135 7.574130
3.139640 7.617274
3.144144 7.681038
3.148649 7.752721
3.153153 7.821052
3.157658 7.816023
3.162162 7.870634
3.166667 7.907041
3.171171 8.045127
3.175676 8.198517
3.180180 8.252037
3.184685 8.187031
3.189189 8.363906
3.193694 8.447869
3.198198 8.347291
3.202703 8.553062
3.207207 8.624039
3.211712 8.556045
3.216216 8.677600
3.220721 8.785489
3.225225 8.801601
3.229730 8.869158
3.234234 8.932798
3.238739 10.451932
3.243243 9.131170
3.247748 9.107507
3.252252 9.197580
3.256757 9.154663
3.261261 9.218311
3.265766 9.266175
3.270270 9.341884
3.274775 9.449902
3.279279 9.544775
3.283784 14.819294
3.288288 -10.731106
3.292793 9.700650
3.297297 9.732511
3.301802 9.866342
3.306306 9.883832
3.310811 10.028203
3.315315 10.157908
3.319820 10.234780
3.324324 10.250955
3.328829 10.382891
3.333333 10.453848
3.337838 10.453483
3.342342 10.528946
3.346847 10.646386
3.351351 10.568387
3.355856 -12.649844
3.360360 10.802456
3.364865 10.154219
3.369369 10.876284
3.373874 11.061233
3.378378 11.072199
3.382883 11.140429
3.387387 11.231879
3.391892 11.357495
3.396396 11.301126
3.400901 11.350817
3.405405 11.580460
3.409910 11.500766
3.414414 11.667902
3.418919 11.725024
3.423423 11.805766
3.427928 11.830733
3.432432 12.053809
3.436937 11.941531
3.441441 12.183198
3.445946 -12.981048
3.450450 12.303005
3.454955 12.347922
3.459459 12.347063
3.463964 12.563675
3.468468 12.601649
3.472973 12.688614
3.477477 12.733277
3.481982 12.749393
3.486486 12.984409
3.490991 12.941917
3.495495 13.132714
3.500000 13.141260
