100
-1.000000 -5.938875
-0.954545 10.011149
-0.909091 11.342617
-0.863636 -4.685756
-0.818182 10.121359
-0.772727 -3.715463
-0.727273 -3.396643
-0.681818 -3.004426
-0.636364 -2.757265
-0.590909 -2.366281
-0.545455 -2.140350
-0.500000 -1.966301
-0.454545 -1.703497
-0.409091 -1.471019
-0.363636 -1.112928
-0.318182 -0.983775
-0.272727 -0.823530
-0.227273 14.329918
-0.181818 -0.514242
-0.136364 -0.408515
-0.090909 -0.218923
-0.045455 12.413297
0.000000 -0.079425
0.045455 0.017963
0.090909 0.217523
0.136364 12.605869
0.181818 0.220299
0.227273 0.313131
0.272727 0.265403
0.318182 11.767348
0.363636 0.297983
0.409091 0.422459
0.454545 0.432150
0.500000 11.135636
0.545455 0.400337
0.590909 0.255121
0.636364 0.283260
0.681818 0.236385
0.727273 0.279606
0.772727 -13.637031
0.818182 0.219138
0.863636 0.137070
0.909091 0.075111
0.954545 12.062080
1.000000 11.364018
1.045455 -0.095994
1.090909 -0.073989
1.136364 -0.208130
1.181818 -0.116372
1.227273 -0.168544
1.272727 -0.165959
1.318182 -11.366710
1.363636 -0.246955
1.409091 10.241329
1.454545 -14.192106
1.500000 -0.275048
1.545455 -0.467525
1.590909 -0.380365
1.636364 12.122814
1.681818 -0.350489
1.727273 13.623016
1.772727 -0.233930
1.818182 -0.355397
1.863636 -0.179425
1.909091 -0.183913
1.954545 -0.015941
2.000000 -0.013529
2.045455 0.125857
2.090909 0.244941
2.136364 0.387949
2.181818 0.555886
2.227273 0.590573
2.272727 0.758327
2.318182 1.059427
2.363636 1.222202
2.409091 1.463119
2.454545 1.665607
2.500000 1.782023
2.545455 2.196976
2.590909 2.450519
2.636364 2.673063
2.681818 3.070466
2.727273 3.361779
2.772727 3.742647
2.818182 4.119096
2.863636 12.395832
2.909091 14.757429
2.954545 11.772444
3.000000 -12.946828
3.045455 6.461899
3.090909 7.120571
3.136364 13.005437
3.181818 11.176930
3.227273 8.879983
3.272727 9.524670
3.318182 10.168542
3.363636 10.804606
3.409091 11.539094
3.454545 12.262676
3.500000 13.211635
