         100
  -1.0000000000000000       -3.9147368162105498     
 -0.95959595959595956       -3.5873584421570679     
 -0.91919191919191923       -3.1563511658211270     
 -0.87878787878787878       -2.8582205136585750     
 -0.83838383838383834       -2.4923965785303763     
 -0.79797979797979801       -2.1314966362539729     
 -0.75757575757575757       -1.9051221545238839     
 -0.71717171717171713       -1.6761875296942603     
 -0.67676767676767668       -1.2979989039061237     
 -0.63636363636363635       -1.1379338507099712     
 -0.59595959595959591       0.15802441600323902     
 -0.55555555555555558       -2.0450246408116053     
 -0.51515151515151514      -0.36893630572148073     
 -0.47474747474747470      -0.32963388970407770     
 -0.43434343434343425       -4.6386920845220253E-002
 -0.39393939393939392       0.17656161870520790     
 -0.35353535353535348       0.27636372640372209     
 -0.31313131313131304       0.31559385857493977     
 -0.27272727272727271       0.53209277902196950     
 -0.23232323232323226       0.66453119805720984     
 -0.19191919191919182       0.70049036476177784     
 -0.15151515151515149       0.86697683489660482     
 -0.11111111111111105       0.81212674429137244     
  -7.0707070707070607E-002  0.90892793066992505     
  -3.0303030303030276E-002  0.91292261004795283     
   1.0101010101010166E-002  0.97108840170018174     
   5.0505050505050608E-002   1.0852258467805915     
   9.0909090909091050E-002   1.0659833822807907     
  0.13131313131313149        1.0305946186278192     
  0.17171717171717171        1.0733033675294752     
  0.21212121212121215        1.0988063460057083     
  0.25252525252525260        1.0937796842546061     
  0.29292929292929304        1.0728968701634849     
  0.33333333333333348        1.0024220993115476     
  0.37373737373737392        1.0336437018897333     
  0.41414141414141437        1.0184805916726207     
  0.45454545454545459       0.90706970709053969     
  0.49494949494949503      -0.52989408311736574     
  0.53535353535353547       0.76979994537657737     
  0.57575757575757591       0.77564874111092796     
  0.61616161616161635       0.66735467530926040     
  0.65656565656565680       0.59637319198453587     
  0.69696969696969702       0.62330521178127707     
  0.73737373737373746       -1.4072903894819360     
  0.77777777777777790       0.53278542040799315     
  0.81818181818181834       0.34336651740959001     
  0.85858585858585879       0.22347770127454497     
  0.89898989898989923       0.22586494156420264     
  0.93939393939393945       0.20099196304427688     
  0.97979797979797989        4.1634030837089303E-002
   1.0202020202020203       -2.9374778845709715E-002
   1.0606060606060610       -9.0762118688757193E-002
   1.1010101010101012      -0.16923346875145170     
   1.1414141414141414      -0.35483895061484400     
   1.1818181818181821      -0.37101879643974484     
   1.2222222222222223       -1.8401736420486963     
   1.2626262626262630      -0.53390428168846471     
   1.3030303030303032      -0.63037028202899048     
   1.3434343434343434      -0.69863586779949183     
   1.3838383838383841      -0.68498854249775987     
   1.4242424242424243      -0.69454628540122210     
   1.4646464646464650      -0.89623364501738412     
   1.5050505050505052      -0.85598427642337349     
   1.5454545454545459      -0.87178541541307752     
   1.5858585858585861       -2.2302149125834543     
   1.6262626262626263       -1.0668363794304849     
   1.6666666666666670      -0.95421614444130576     
   1.7070707070707072       -1.0899001133182125     
   1.7474747474747478       -1.0162141281204624     
   1.7878787878787881       -1.0546320122430997     
   1.8282828282828287       -1.0667505910292925     
   1.8686868686868690       -1.1614600238198143     
   1.9090909090909092       -1.1067151871260799     
   1.9494949494949498      -0.97117214206132074     
   1.9898989898989901       -2.8069723875463901     
   2.0303030303030307      -0.87102983601064554     
   2.0707070707070709      -0.98337995308117165     
   2.1111111111111112      -0.91162895196121785     
   2.1515151515151518      -0.70472720396428601     
   2.1919191919191920      -0.72261215809255808     
   2.2323232323232327       -1.7376102790083570     
   2.2727272727272729      -0.52227969615837722     
   2.3131313131313136      -0.30484436448292851     
   2.3535353535353538      -0.20881415350135174     
   2.3939393939393940      -0.12727083322257277     
   2.4343434343434347        6.3430411549575225E-002
   2.4747474747474749       0.21065195297728206     
   2.5151515151515156       0.48273584599077685     
   2.5555555555555558      -0.79714189432624427     
   2.5959595959595965       0.91560247101801162     
   2.6363636363636367        1.1639557484098433     
   2.6767676767676769        1.3996046854777928     
   2.7171717171717176        2.5108325827491127     
   2.7575757575757578        1.8567104778331589     
   2.7979797979797985        2.2085193508155854     
   2.8383838383838387        1.1197105335565403     
   2.8787878787878789        2.7999716252952980     
   2.9191919191919196        3.1975654708968895     
   2.9595959595959598        3.6784825281729834     
   3.0000000000000000        4.0482938985021244     
