-1.000 -3.915
-0.960 -3.587
-0.919 -3.156
-0.879 -2.858
-0.838 -2.492
-0.798 -2.131
-0.758 -1.905
-0.717 -1.676
-0.677 -1.298
-0.636 -1.138
-0.596  0.158
-0.556 -2.045
-0.515 -0.369
-0.475 -0.330
-0.434 -0.046
-0.394  0.177
-0.354  0.276
-0.313  0.316
-0.273  0.532
-0.232  0.665
-0.192  0.700
-0.152  0.867
-0.111  0.812
-0.071  0.909
-0.030  0.913
 0.010  0.971
 0.051  1.085
 0.091  1.066
 0.131  1.031
 0.172  1.073
 0.212  1.099
 0.253  1.094
 0.293  1.073
 0.333  1.002
 0.374  1.034
 0.414  1.018
 0.455  0.907
 0.495 -0.530
 0.535  0.770
 0.576  0.776
 0.616  0.667
 0.657  0.596
 0.697  0.623
 0.737 -1.407
 0.778  0.533
 0.818  0.343
 0.859  0.223
 0.899  0.226
 0.939  0.201
 0.980  0.042
 1.020 -0.029
 1.061 -0.091
 1.101 -0.169
 1.141 -0.355
 1.182 -0.371
 1.222 -1.840
 1.263 -0.534
 1.303 -0.630
 1.343 -0.699
 1.384 -0.685
 1.424 -0.695
 1.465 -0.896
 1.505 -0.856
 1.545 -0.872
 1.586 -2.230
 1.626 -1.067
 1.667 -0.954
 1.707 -1.090
 1.747 -1.016
 1.788 -1.055
 1.828 -1.067
 1.869 -1.161
 1.909 -1.107
 1.949 -0.971
 1.990 -2.807
 2.030 -0.871
 2.071 -0.983
 2.111 -0.912
 2.152 -0.705
 2.192 -0.723
 2.232 -1.738
 2.273 -0.522
 2.313 -0.305
 2.354 -0.209
 2.394 -0.127
 2.434  0.063
 2.475  0.211
 2.515  0.483
 2.556 -0.797
 2.596  0.916
 2.636  1.164
 2.677  1.400
 2.717  2.511
 2.758  1.857
 2.798  2.209
 2.838  1.120
 2.879  2.800
 2.919  3.198
 2.960  3.678
 3.000  4.048
